65
00000000
00000011
00000101
00000111
00001000
00001101
00010101
00010110
00011010
00011011
00011100
00100010
00100011
00100110
00101011
00101100
00110001
00110011
00110100
00110101
00111011
00111100
01000010
01000101
01000110
01001110
01010101
01011001
01100001
01100100
01100111
01101000
01101011
01101101
01110001
01110111
01111000
10000010
10000011
10011100
10011110
10100100
10100110
10101100
10101111
10111000
10111011
10111101
11000001
11000010
11001010
11001111
11010110
11011000
11011001
11011011
11011101
11011110
11100011
11101100
11110000
11110001
11110111
11111110
11111111